0 5.25 0
0.484653 5.25005 0.00109052
0.969305 5.25021 0.00218134
1.45396 5.25047 0.00327278
1.93861 5.25084 0.00436514
2.42326 5.25131 0.00545872
2.90792 5.25189 0.00655383
3.39257 5.25257 0.00765079
3.87722 5.25335 0.0087499
4.36187 5.25425 0.00985148
4.84653 5.25524 0.0109558
5.33118 5.25635 0.0120633
5.81583 5.25756 0.0131741
6.30048 5.25888 0.0142887
6.78514 5.2603 0.0154074
7.26979 5.26183 0.0165304
7.75444 5.26347 0.0176582
8.2391 5.26522 0.0187909
8.72375 5.26708 0.0199291
9.2084 5.26905 0.021073
9.69305 5.27112 0.0222229
10.1777 5.27331 0.0233793
10.6624 5.27561 0.0245424
11.147 5.27802 0.0257126
11.6317 5.28054 0.0268903
12.1163 5.28318 0.0280759
12.601 5.28593 0.0292697
13.0856 5.28879 0.0304721
13.5703 5.29177 0.0316835
14.0549 5.29487 0.0329042
14.5396 5.29809 0.0341348
15.0242 5.30142 0.0353756
15.5089 5.30487 0.0366269
15.9935 5.30844 0.0378893
16.4782 5.31214 0.0391632
16.9628 5.31595 0.040449
17.4475 5.31989 0.0417472
17.9321 5.32396 0.0430581
18.4168 5.32815 0.0443824
18.9015 5.33247 0.0457204
19.3861 5.33691 0.0470727
19.8708 5.34149 0.0484398
20.3554 5.3462 0.0498222
20.8401 5.35104 0.0512204
21.3247 5.35602 0.0526349
21.8094 5.36113 0.0540664
22.294 5.36638 0.0555153
22.7787 5.37177 0.0569823
23.2633 5.37729 0.058468
23.748 5.38297 0.0599729
24.2326 5.38878 0.0614978
24.7173 5.39475 0.0630432
25.2019 5.40086 0.0646099
25.6866 5.40712 0.0661985
26.1712 5.41354 0.0678098
26.6559 5.42011 0.0694444
27.1405 5.42683 0.0711031
27.6252 5.43372 0.0727867
28.1099 5.44077 0.074496
28.5945 5.44798 0.0762318
29.0792 5.45536 0.0779949
29.5638 5.4629 0.0797863
30.0485 5.47062 0.0816068
30.5331 5.47852 0.0834573
31.0178 5.48659 0.0853389
31.5024 5.49484 0.0872525
31.9871 5.50328 0.0891991
32.4717 5.5119 0.0911797
32.9564 5.52071 0.0931956
33.441 5.52971 0.0952478
33.9257 5.53891 0.0973375
34.4103 5.54832 0.0994659
34.895 5.55792 0.101634
35.3796 5.56773 0.103844
35.8643 5.57776 0.106096
36.3489 5.588 0.108392
36.8336 5.59846 0.110734
37.3183 5.60914 0.113123
37.8029 5.62005 0.11556
38.2876 5.6312 0.118047
38.7722 5.64258 0.120586
39.2569 5.6542 0.123179
39.7415 5.66608 0.125827
40.2262 5.6782 0.128532
40.7108 5.69058 0.131297
41.1955 5.70323 0.134122
41.6801 5.71615 0.137011
42.1648 5.72934 0.139966
42.6494 5.74281 0.142989
43.1341 5.75657 0.146081
43.6187 5.77063 0.149247
44.1034 5.78498 0.152488
44.588 5.79965 0.155807
45.0727 5.81463 0.159207
45.5574 5.82993 0.16269
46.042 5.84557 0.166261
46.5267 5.86154 0.169921
47.0113 5.87786 0.173675
47.496 5.89454 0.177526
47.9806 5.91158 0.181478
48.4653 5.92899 0.185534
48.9499 5.94679 0.189699
49.4346 5.96499 0.193976
49.9192 5.98359 0.198371
50.4039 6.0026 0.202887
50.8885 6.02204 0.20753
51.3732 6.04192 0.212304
51.8578 6.06225 0.217216
52.3425 6.08304 0.22227
52.8271 6.1043 0.227472
53.3118 6.12606 0.232829
53.7964 6.14832 0.238348
54.2811 6.1711 0.244034
54.7658 6.19441 0.249895
55.2504 6.21827 0.255939
55.7351 6.2427 0.262173
56.2197 6.26771 0.268607
56.7044 6.29332 0.275249
57.189 6.31955 0.282108
57.6737 6.34643 0.289194
58.1583 6.37396 0.296518
58.643 6.40217 0.30409
59.1276 6.43109 0.311923
59.6123 6.46074 0.320029
60.0969 6.49114 0.32842
60.5816 6.52231 0.337111
61.0662 6.55429 0.346117
61.5509 6.5871 0.355453
62.0355 6.62077 0.365135
62.5202 6.65533 0.375182
63.0048 6.69081 0.385612
63.4895 6.72726 0.396445
63.9742 6.76469 0.407703
64.4588 6.80315 0.419408
64.9435 6.84268 0.431584
65.4281 6.88332 0.444258
65.9128 6.92511 0.457456
66.3974 6.96809 0.471209
66.8821 7.01232 0.485548
67.3667 7.05784 0.500508
67.8514 7.10471 0.516124
68.336 7.15298 0.532435
68.8207 7.20271 0.549485
69.3053 7.25395 0.567317
69.79 7.30679 0.585981
70.2746 7.36127 0.605528
70.7593 7.41748 0.626017
71.2439 7.4755 0.647507
71.7286 7.53539 0.670065
72.2132 7.59726 0.693763
72.6979 7.66118 0.718678
73.1826 7.72726 0.744895
73.6672 7.79559 0.772505
74.1519 7.86629 0.801608
74.6365 7.93946 0.832313
75.1212 8.01523 0.864737
75.6058 8.09372 0.899012
76.0905 8.17508 0.935278
76.5751 8.25945 0.973691
77.0598 8.34697 1.01442
77.5444 8.43782 1.05766
78.0291 8.53217 1.1036
78.5137 8.63019 1.15249
78.9984 8.7321 1.20456
79.483 8.83808 1.26011
79.9677 8.94837 1.31943
80.4523 9.0632 1.38288
80.937 9.18281 1.45082
81.4216 9.30746 1.52369
81.9063 9.43743 1.60197
82.391 9.57301 1.68618
82.8756 9.7145 1.77693
83.3603 9.86222 1.87487
83.8449 10.0165 1.98078
84.3296 10.1777 2.0955
84.8142 10.3461 2.21999
85.2989 10.5221 2.35536
85.7835 10.706 2.50284
86.2682 10.8982 2.66385
86.7528 11.0989 2.84
87.2375 11.3084 3.03314
87.7221 11.5269 3.24536
88.2068 11.7545 3.4791
88.6914 11.9911 3.73711
89.1761 12.2365 4.02257
89.6607 12.49 4.33914
90.1454 12.7509 4.69097
90.63 13.0176 5.08286
91.1147 13.2881 5.52021
91.5994 13.5592 6.00919
92.084 13.8267 6.55667
92.5687 14.0846 7.17023
93.0533 14.325 7.85808
93.538 14.5371 8.62876
94.0226 14.7065 9.49067
94.5073 14.8149 10.4513
94.9919 14.8386 11.5159
95.4766 14.7484 12.6856
95.9612 14.5092 13.9547
96.4459 14.0812 15.3072
96.9305 13.4224 16.7129
97.4152 12.4937 18.124
97.8998 11.267 19.473
98.3845 9.73512 20.6755
98.8691 7.92184 21.6378
99.3538 5.8878 22.2719
99.8384 3.72798 22.5129
100.323 1.55906 22.3346
100.808 -0.50069 21.7564
101.292 -2.35197 20.8384
101.777 -3.92856 19.6661
102.262 -5.20135 18.3336
102.746 -6.17341 16.9272
103.231 -6.87041 15.5173
103.716 -7.33035 14.1546
104.2 -7.59518 12.8718
104.685 -7.70533 11.6867
105.17 -7.69662 10.6063
105.654 -7.59921 9.63042
106.139 -7.43749 8.75422
106.624 -7.23067 7.97048
107.108 -6.9936 7.27085
107.593 -6.7375 6.64678
108.078 -6.47079 6.09
108.562 -6.19967 5.59281
109.047 -5.92866 5.14823
109.532 -5.66096 4.75001
110.016 -5.39884 4.39261
110.501 -5.14383 4.07115
110.985 -4.89689 3.78139
111.47 -4.65864 3.5196
111.955 -4.42936 3.28254
112.439 -4.20915 3.06738
112.924 -3.99793 2.87165
113.409 -3.79553 2.69321
113.893 -3.60171 2.53017
114.378 -3.41617 2.38089
114.863 -3.2386 2.24392
115.347 -3.06865 2.11801
115.832 -2.90598 2.00202
116.317 -2.75024 1.89499
116.801 -2.60109 1.79604
117.286 -2.45821 1.7044
117.771 -2.32127 1.61939
118.255 -2.18997 1.5404
118.74 -2.06401 1.46689
119.225 -1.94313 1.39837
119.709 -1.82706 1.33442
120.194 -1.71554 1.27464
120.679 -1.60835 1.2187
121.163 -1.50526 1.16626
121.648 -1.40606 1.11706
122.132 -1.31056 1.07083
122.617 -1.21856 1.02735
123.102 -1.1299 0.986406
123.586 -1.04441 0.947804
124.071 -0.961939 0.911375
124.556 -0.882334 0.876959
125.04 -0.80546 0.844415
125.525 -0.731188 0.81361
126.01 -0.659396 0.784424
126.494 -0.589969 0.756748
126.979 -0.522799 0.73048
127.464 -0.457783 0.705527
127.948 -0.394825 0.681805
128.433 -0.333833 0.659234
128.918 -0.274722 0.637742
129.402 -0.217409 0.617262
129.887 -0.161818 0.597733
130.372 -0.107877 0.579096
130.856 -0.0555152 0.561299
131.341 -0.00466817 0.544293
131.826 0.0447262 0.528032
132.31 0.0927266 0.512474
132.795 0.139389 0.497578
133.279 0.184766 0.483309
133.764 0.228907 0.469631
134.249 0.271862 0.456514
134.733 0.313674 0.443927
135.218 0.354388 0.431842
135.703 0.394044 0.420232
136.187 0.432681 0.409075
136.672 0.470337 0.398346
137.157 0.507048 0.388024
137.641 0.542846 0.378089
138.126 0.577765 0.368522
138.611 0.611835 0.359306
139.095 0.645086 0.350422
139.58 0.677545 0.341857
140.065 0.70924 0.333594
140.549 0.740197 0.325621
141.034 0.770439 0.317923
141.519 0.799992 0.310488
142.003 0.828876 0.303305
142.488 0.857114 0.296362
142.973 0.884726 0.289648
143.457 0.911733 0.283155
143.942 0.938153 0.276872
144.426 0.964004 0.270791
144.911 0.989304 0.264902
145.396 1.01407 0.259199
145.88 1.03832 0.253673
146.365 1.06206 0.248317
146.85 1.08532 0.243125
147.334 1.10811 0.238089
147.819 1.13043 0.233204
148.304 1.15231 0.228464
148.788 1.17376 0.223863
149.273 1.19478 0.219395
149.758 1.21539 0.215056
150.242 1.23561 0.210841
150.727 1.25544 0.206746
151.212 1.2749 0.202765
151.696 1.29398 0.198894
152.181 1.31271 0.19513
152.666 1.3311 0.191469
153.15 1.34915 0.187907
153.635 1.36687 0.18444
154.12 1.38426 0.181066
154.604 1.40135 0.17778
155.089 1.41813 0.17458
155.574 1.43462 0.171463
156.058 1.45082 0.168427
156.543 1.46674 0.165467
157.027 1.48238 0.162583
157.512 1.49776 0.159771
157.997 1.51287 0.157029
158.481 1.52773 0.154354
158.966 1.54234 0.151745
159.451 1.55671 0.1492
159.935 1.57084 0.146716
160.42 1.58474 0.144291
160.905 1.59841 0.141924
161.389 1.61187 0.139613
161.874 1.62511 0.137355
162.359 1.63813 0.135151
162.843 1.65096 0.132996
163.328 1.66358 0.130892
163.813 1.676 0.128835
164.297 1.68823 0.126824
164.782 1.70028 0.124859
165.267 1.71214 0.122937
165.751 1.72382 0.121057
166.236 1.73532 0.119219
166.721 1.74665 0.117421
167.205 1.75782 0.115661
167.69 1.76881 0.11394
168.174 1.77965 0.112255
168.659 1.79033 0.110606
169.144 1.80085 0.108991
169.628 1.81123 0.10741
170.113 1.82145 0.105862
170.598 1.83153 0.104346
171.082 1.84147 0.102861
171.567 1.85126 0.101406
172.052 1.86092 0.0999809
172.536 1.87045 0.0985842
173.021 1.87984 0.0972153
173.506 1.88911 0.0958737
173.99 1.89824 0.0945584
174.475 1.90726 0.093269
174.96 1.91615 0.0920046
175.444 1.92493 0.0907647
175.929 1.93358 0.0895487
176.414 1.94213 0.0883559
176.898 1.95056 0.0871858
177.383 1.95888 0.0860378
177.868 1.96709 0.0849114
178.352 1.97519 0.0838059
178.837 1.98319 0.082721
179.321 1.99109 0.0816562
179.806 1.99889 0.0806108
180.291 2.00659 0.0795845
180.775 2.01419 0.0785768
181.26 2.0217 0.0775873
181.745 2.02911 0.0766156
182.229 2.03643 0.0756611
182.714 2.04366 0.0747236
183.199 2.0508 0.0738026
183.683 2.05786 0.0728977
184.168 2.06482 0.0720087
184.653 2.07171 0.071135
185.137 2.07851 0.0702764
185.622 2.08523 0.0694326
186.107 2.09187 0.0686031
186.591 2.09843 0.0677878
187.076 2.10492 0.0669862
187.561 2.11133 0.066198
188.045 2.11766 0.065423
188.53 2.12392 0.0646609
189.015 2.13011 0.0639114
189.499 2.13623 0.0631742
189.984 2.14228 0.0624491
190.468 2.14825 0.0617358
190.953 2.15416 0.0610341
191.438 2.16001 0.0603436
191.922 2.16579 0.0596642
192.407 2.1715 0.0589957
192.892 2.17715 0.0583378
193.376 2.18274 0.0576903
193.861 2.18826 0.0570529
194.346 2.19373 0.0564256
194.83 2.19914 0.0558079
195.315 2.20448 0.0551999
195.8 2.20977 0.0546012
196.284 2.215 0.0540118
196.769 2.22018 0.0534313
197.254 2.2253 0.0528596
197.738 2.23037 0.0522966
198.223 2.23538 0.0517421
198.708 2.24034 0.0511959
199.192 2.24525 0.0506579
199.677 2.25011 0.0501278
200.162 2.25492 0.0496055
200.646 2.25967 0.049091
201.131 2.26438 0.048584
201.616 2.26904 0.0480844
202.1 2.27365 0.047592
202.585 2.27822 0.0471067
203.069 2.28274 0.0466285
203.554 2.28721 0.0461571
204.039 2.29164 0.0456924
204.523 2.29602 0.0452343
205.008 2.30036 0.0447826
205.493 2.30466 0.0443374
205.977 2.30892 0.0438984
206.462 2.31313 0.0434655
206.947 2.3173 0.0430386
207.431 2.32143 0.0426176
207.916 2.32552 0.0422024
208.401 2.32957 0.0417929
208.885 2.33359 0.041389
209.37 2.33756 0.0409907
209.855 2.3415 0.0405977
210.339 2.34539 0.04021
210.824 2.34925 0.0398275
211.309 2.35308 0.0394501
211.793 2.35687 0.0390778
212.278 2.36062 0.0387104
212.763 2.36434 0.0383478
213.247 2.36802 0.0379901
213.732 2.37167 0.037637
214.216 2.37529 0.0372885
214.701 2.37887 0.0369446
215.186 2.38242 0.0366051
215.67 2.38594 0.03627
216.155 2.38942 0.0359393
216.64 2.39287 0.0356127
217.124 2.3963 0.0352903
217.609 2.39969 0.034972
218.094 2.40305 0.0346578
218.578 2.40638 0.0343475
219.063 2.40968 0.0340411
219.548 2.41295 0.0337385
220.032 2.41619 0.0334397
220.517 2.41941 0.0331446
221.002 2.4226 0.0328532
221.486 2.42575 0.0325653
221.971 2.42888 0.032281
222.456 2.43199 0.0320002
222.94 2.43506 0.0317228
223.425 2.43811 0.0314488
223.91 2.44114 0.031178
224.394 2.44414 0.0309106
224.879 2.44711 0.0306463
225.363 2.45006 0.0303852
225.848 2.45298 0.0301273
226.333 2.45587 0.0298723
226.817 2.45875 0.0296205
227.302 2.4616 0.0293715
227.787 2.46442 0.0291255
228.271 2.46722 0.0288824
228.756 2.47 0.0286422
229.241 2.47276 0.0284047
229.725 2.47549 0.0281699
230.21 2.4782 0.0279379
230.695 2.48089 0.0277086
231.179 2.48355 0.0274819
231.664 2.4862 0.0272577
232.149 2.48882 0.0270362
232.633 2.49142 0.0268171
233.118 2.494 0.0266005
233.603 2.49656 0.0263864
234.087 2.4991 0.0261747
234.572 2.50162 0.0259653
235.057 2.50412 0.0257583
235.541 2.5066 0.0255536
236.026 2.50906 0.0253511
236.511 2.5115 0.0251509
236.995 2.51392 0.0249529
237.48 2.51632 0.0247571
237.964 2.5187 0.0245634
238.449 2.52107 0.0243718
238.934 2.52341 0.0241823
239.418 2.52574 0.0239949
239.903 2.52805 0.0238095
240.388 2.53034 0.0236261
240.872 2.53262 0.0234446
241.357 2.53487 0.0232651
241.842 2.53711 0.0230875
242.326 2.53934 0.0229118
242.811 2.54154 0.0227379
243.296 2.54373 0.0225659
243.78 2.5459 0.0223957
244.265 2.54806 0.0222273
244.75 2.5502 0.0220607
245.234 2.55233 0.0218958
245.719 2.55443 0.0217326
246.204 2.55653 0.0215711
246.688 2.5586 0.0214112
247.173 2.56067 0.021253
247.658 2.56271 0.0210965
248.142 2.56475 0.0209415
248.627 2.56676 0.0207881
249.111 2.56877 0.0206363
249.596 2.57075 0.0204861
250.081 2.57273 0.0203373
250.565 2.57469 0.0201901
251.05 2.57663 0.0200443
251.535 2.57856 0.0199
252.019 2.58048 0.0197571
252.504 2.58238 0.0196157
252.989 2.58427 0.0194756
253.473 2.58615 0.019337
253.958 2.58801 0.0191997
254.443 2.58986 0.0190638
254.927 2.5917 0.0189292
255.412 2.59352 0.0187959
255.897 2.59533 0.0186639
256.381 2.59713 0.0185332
256.866 2.59892 0.0184038
257.351 2.60069 0.0182757
257.835 2.60245 0.0181487
258.32 2.6042 0.018023
258.805 2.60594 0.0178985
259.289 2.60766 0.0177752
259.774 2.60937 0.0176531
260.258 2.61108 0.0175322
260.743 2.61276 0.0174123
261.228 2.61444 0.0172937
261.712 2.61611 0.0171761
262.197 2.61777 0.0170596
262.682 2.61941 0.0169443
263.166 2.62104 0.01683
263.651 2.62266 0.0167168
264.136 2.62428 0.0166046
264.62 2.62588 0.0164935
265.105 2.62747 0.0163834
265.59 2.62905 0.0162744
266.074 2.63061 0.0161663
266.559 2.63217 0.0160592
267.044 2.63372 0.0159532
267.528 2.63526 0.015848
268.013 2.63679 0.0157439
268.498 2.6383 0.0156407
268.982 2.63981 0.0155384
269.467 2.64131 0.015437
269.952 2.6428 0.0153366
270.436 2.64428 0.015237
270.921 2.64575 0.0151384
271.405 2.64721 0.0150406
271.89 2.64866 0.0149438
272.375 2.6501 0.0148477
272.859 2.65153 0.0147526
273.344 2.65295 0.0146582
273.829 2.65437 0.0145647
274.313 2.65577 0.0144721
274.798 2.65716 0.0143802
275.283 2.65855 0.0142891
275.767 2.65993 0.0141989
276.252 2.6613 0.0141094
276.737 2.66266 0.0140207
277.221 2.66401 0.0139328
277.706 2.66536 0.0138456
278.191 2.66669 0.0137592
278.675 2.66802 0.0136736
279.16 2.66934 0.0135886
279.645 2.67065 0.0135044
280.129 2.67195 0.013421
280.614 2.67324 0.0133382
281.099 2.67453 0.0132561
281.583 2.67581 0.0131748
282.068 2.67708 0.0130941
282.553 2.67834 0.0130141
283.037 2.6796 0.0129348
283.522 2.68085 0.0128561
284.006 2.68209 0.0127781
284.491 2.68332 0.0127008
284.976 2.68454 0.0126241
285.46 2.68576 0.012548
285.945 2.68697 0.0124726
286.43 2.68818 0.0123978
286.914 2.68937 0.0123236
287.399 2.69056 0.01225
287.884 2.69174 0.012177
288.368 2.69292 0.0121047
288.853 2.69408 0.0120329
289.338 2.69525 0.0119617
289.822 2.6964 0.0118911
290.307 2.69755 0.011821
290.792 2.69869 0.0117516
291.276 2.69982 0.0116826
291.761 2.70095 0.0116143
292.246 2.70207 0.0115465
292.73 2.70318 0.0114792
293.215 2.70429 0.0114125
293.7 2.70539 0.0113463
294.184 2.70649 0.0112807
294.669 2.70757 0.0112155
295.153 2.70866 0.0111509
295.638 2.70973 0.0110868
296.123 2.7108 0.0110232
296.607 2.71187 0.0109601
297.092 2.71292 0.0108975
297.577 2.71398 0.0108354
298.061 2.71502 0.0107738
298.546 2.71606 0.0107126
299.031 2.71709 0.010652
299.515 2.71812 0.0105918
300 2.71914 0.0105321
