0 0.153927
0.961538 0.153933
1.92308 0.153953
2.88462 0.153986
3.84615 0.154032
4.80769 0.154091
5.76923 0.154163
6.73077 0.154248
7.69231 0.154347
8.65385 0.15446
9.61538 0.154586
10.5769 0.154725
11.5385 0.154879
12.5 0.155046
13.4615 0.155228
14.4231 0.155424
15.3846 0.155634
16.3462 0.155859
17.3077 0.1561
18.2692 0.156355
19.2308 0.156626
20.1923 0.156912
21.1538 0.157215
22.1154 0.157534
23.0769 0.157869
24.0385 0.158222
25 0.158592
25.9615 0.15898
26.9231 0.159386
27.8846 0.159811
28.8462 0.160256
29.8077 0.160719
30.7692 0.161204
31.7308 0.161709
32.6923 0.162235
33.6538 0.162784
34.6154 0.163355
35.5769 0.16395
36.5385 0.164569
37.5 0.165214
38.4615 0.165884
39.4231 0.166581
40.3846 0.167306
41.3462 0.16806
42.3077 0.168844
43.2692 0.169659
44.2308 0.170506
45.1923 0.171388
46.1538 0.172304
47.1154 0.173257
48.0769 0.174248
49.0385 0.175278
50 0.176351
50.9615 0.177467
51.9231 0.178629
52.8846 0.179838
53.8462 0.181098
54.8077 0.182411
55.7692 0.183779
56.7308 0.185206
57.6923 0.186694
58.6538 0.188247
59.6154 0.189868
60.5769 0.191563
61.5385 0.193334
62.5 0.195186
63.4615 0.197125
64.4231 0.199155
65.3846 0.201284
66.3462 0.203517
67.3077 0.205861
68.2692 0.208324
69.2308 0.210915
70.1923 0.213642
71.1538 0.216517
72.1154 0.219549
73.0769 0.222753
74.0385 0.226141
75 0.229729
75.9615 0.233535
76.9231 0.237576
77.8846 0.241876
78.8462 0.246457
79.8077 0.251348
80.7692 0.256579
81.7308 0.262184
82.6923 0.268205
83.6538 0.274686
84.6154 0.28168
85.5769 0.289247
86.5385 0.297456
87.5 0.306388
88.4615 0.316135
89.4231 0.326804
90.3846 0.338518
91.3462 0.351419
92.3077 0.365661
93.2692 0.381413
94.2308 0.398841
95.1923 0.418084
96.1538 0.4392
97.1154 0.462078
98.0769 0.486326
99.0385 0.511172
100 0.535495
100.962 0.558077
101.923 0.577957
102.885 0.594652
103.846 0.608124
104.808 0.618601
105.769 0.626417
106.731 0.631909
107.692 0.635369
108.654 0.637036
109.615 0.637094
110.577 0.635678
111.538 0.632885
112.5 0.628775
113.462 0.623379
114.423 0.616701
115.385 0.608724
116.346 0.599405
117.308 0.588682
118.269 0.576472
119.231 0.562667
120.192 0.547139
121.154 0.529734
122.115 0.510278
123.077 0.488574
124.038 0.464409
125 0.437567
125.962 0.407853
126.923 0.37514
127.885 0.339445
128.846 0.301055
129.808 0.26069
130.769 0.219642
131.731 0.179759
132.692 0.143078
133.654 0.111223
134.615 0.0849295
135.577 0.064052
136.538 0.0479017
137.5 0.0356122
138.462 0.0263607
139.423 0.0194561
140.385 0.0143513
141.346 0.0106253
142.308 0.00795784
143.269 0.00610627
144.231 0.00488608
145.192 0.00415642
146.154 0.00380911
147.115 0.00376049
148.077 0.00394549
149.038 0.00431316
150 0.00482334
150.962 0.00544428
151.923 0.00615068
152.885 0.00692235
153.846 0.00774309
154.808 0.00859988
155.769 0.00948221
156.731 0.0103816
157.692 0.0112912
158.654 0.0122055
159.615 0.01312
160.577 0.0140311
161.538 0.014936
162.5 0.0158321
163.462 0.0167179
164.423 0.0175917
165.385 0.0184525
166.346 0.0192994
167.308 0.0201318
168.269 0.0209491
169.231 0.0217512
170.192 0.0225377
171.154 0.0233086
172.115 0.0240639
173.077 0.0248036
174.038 0.025528
175 0.026237
175.962 0.026931
176.923 0.0276102
177.885 0.0282747
178.846 0.0289249
179.808 0.0295611
180.769 0.0301835
181.731 0.0307925
182.692 0.0313883
183.654 0.0319713
184.615 0.0325417
185.577 0.0330998
186.538 0.033646
187.5 0.0341806
188.462 0.0347038
189.423 0.0352159
190.385 0.0357173
191.346 0.0362081
192.308 0.0366887
193.269 0.0371593
194.231 0.0376203
195.192 0.0380717
196.154 0.038514
197.115 0.0389472
198.077 0.0393718
199.038 0.0397878
200 0.0401955
200.962 0.0405952
201.923 0.0409869
202.885 0.0413711
203.846 0.0417477
204.808 0.0421171
205.769 0.0424794
206.731 0.0428348
207.692 0.0431834
208.654 0.0435255
209.615 0.0438612
210.577 0.0441906
211.538 0.044514
212.5 0.0448314
213.462 0.0451431
214.423 0.0454491
215.385 0.0457496
216.346 0.0460447
217.308 0.0463345
218.269 0.0466193
219.231 0.0468991
220.192 0.0471739
221.154 0.0474441
222.115 0.0477095
223.077 0.0479705
224.038 0.048227
225 0.0484791
225.962 0.048727
226.923 0.0489708
227.885 0.0492106
228.846 0.0494464
229.808 0.0496783
230.769 0.0499065
231.731 0.050131
232.692 0.0503518
233.654 0.0505691
234.615 0.050783
235.577 0.0509935
236.538 0.0512007
237.5 0.0514046
238.462 0.0516054
239.423 0.0518031
240.385 0.0519978
241.346 0.0521895
242.308 0.0523782
243.269 0.0525642
244.231 0.0527473
245.192 0.0529277
246.154 0.0531055
247.115 0.0532806
248.077 0.0534531
249.038 0.0536231
250 0.0537907
250.962 0.0539559
251.923 0.0541186
252.885 0.0542791
253.846 0.0544373
254.808 0.0545932
255.769 0.054747
256.731 0.0548986
257.692 0.0550481
258.654 0.0551956
259.615 0.055341
260.577 0.0554844
261.538 0.0556259
262.5 0.0557654
263.462 0.0559031
264.423 0.0560389
265.385 0.056173
266.346 0.0563052
267.308 0.0564357
268.269 0.0565645
269.231 0.0566916
270.192 0.056817
271.154 0.0569409
272.115 0.0570631
273.077 0.0571838
274.038 0.0573029
275 0.0574205
275.962 0.0575366
276.923 0.0576513
277.885 0.0577646
278.846 0.0578764
279.808 0.0579868
280.769 0.0580959
281.731 0.0582036
282.692 0.0583101
283.654 0.0584152
284.615 0.058519
285.577 0.0586216
286.538 0.058723
287.5 0.0588232
288.462 0.0589221
289.423 0.0590199
290.385 0.0591166
291.346 0.0592121
292.308 0.0593065
293.269 0.0593998
294.231 0.059492
295.192 0.0595831
296.154 0.0596732
297.115 0.0597623
298.077 0.0598504
299.038 0.0599374
300 0.0600235
